0	0.001	0
0.01	0.00101	6.8751E-5
0.02	0.00114	2.98199E-4
0.03	0.00144	7.05889E-4
0.04	0.00191	0.00125
0.05	0.00249	0.00186
0.06	0.00309	0.00242
0.07	0.00362	0.00284
0.08	0.004	0.00308
0.09	0.0042	0.00314
0.1	0.00424	0.00308
0.11	0.00416	0.00299
0.12	0.00407	0.00297
0.13	0.00406	0.00309
0.14	0.0042	0.0034
0.15	0.00451	0.00386
0.16	0.00497	0.0044
0.17	0.00551	0.00492
0.18	0.00603	0.00532
0.19	0.00645	0.00555
0.2	0.0067	0.00559
0.21	0.00677	0.00549
0.22	0.00669	0.00533
0.23	0.00653	0.00523
0.24	0.00641	0.00525
0.25	0.00639	0.00546
0.26	0.00654	0.00583
0.27	0.00686	0.0063
0.28	0.0073	0.00677
0.29	0.00779	0.00715
0.3	0.00822	0.00736
0.31	0.00851	0.00739
0.32	0.00863	0.00725
0.33	0.00857	0.00704
0.34	0.00839	0.00686
0.35	0.00817	0.00679
0.36	0.00803	0.0069
0.37	0.00802	0.00717
0.38	0.00818	0.00757
0.39	0.00851	0.008
0.4	0.00892	0.00835
0.41	0.00934	0.00855
0.42	0.00966	0.00856
0.43	0.00983	0.0084
0.44	0.00981	0.00814
0.45	0.00963	0.00789
0.46	0.00937	0.00773
0.47	0.00912	0.00773
0.48	0.00896	0.00792
0.49	0.00897	0.00824
0.5	0.00915	0.00867
0.51	0.00946	0.00932
0.52	0.00989	0.01029
0.53	0.0105	0.01162
0.54	0.01142	0.01324
0.55	0.01269	0.01498
0.56	0.01427	0.01664
0.57	0.016	0.01803
0.58	0.0177	0.01906
0.59	0.01918	0.01974
0.6	0.02034	0.02017
0.61	0.02113	0.02055
0.62	0.02164	0.02108
0.63	0.02201	0.02192
0.64	0.02245	0.02311
0.65	0.02313	0.02462
0.66	0.02414	0.0263
0.67	0.0255	0.02794
0.68	0.0271	0.02936
0.69	0.02879	0.03042
0.7	0.03037	0.03112
0.71	0.03167	0.03154
0.72	0.03262	0.03186
0.73	0.03322	0.03229
0.74	0.0336	0.03299
0.75	0.03392	0.03405
0.76	0.03439	0.03544
0.77	0.03515	0.03704
0.78	0.03626	0.03866
0.79	0.03768	0.04009
0.8	0.03929	0.04119
0.81	0.0409	0.04192
0.82	0.04233	0.04234
0.83	0.04344	0.04262
0.84	0.04418	0.04295
0.85	0.04462	0.04352
0.86	0.0449	0.04444
0.87	0.04521	0.04571
0.88	0.04574	0.04723
0.89	0.04658	0.04881
0.9	0.04778	0.05025
0.91	0.04925	0.05139
0.92	0.05084	0.05215
0.93	0.05234	0.05258
0.94	0.0536	0.05283
0.95	0.0545	0.05308
0.96	0.05506	0.05353
0.97	0.05536	0.05431
0.98	0.05558	0.05546
0.99	0.05591	0.05688
1	0.05651	0.05841
1.01	0.05745	0.05985
1.02	0.05873	0.06102
1.03	0.06022	0.06183
1.04	0.06175	0.06228
1.05	0.06312	0.0625
1.06	0.06418	0.06268
1.07	0.06489	0.06302
1.08	0.06527	0.06367
1.09	0.06546	0.06469
1.1	0.06566	0.06601
1.11	0.06604	0.06749
1.12	0.06673	0.06892
1.13	0.06777	0.07012
1.14	0.06911	0.07096
1.15	0.07059	0.07144
1.16	0.07202	0.07166
1.17	0.07323	0.07178
1.18	0.0741	0.07202
1.19	0.07462	0.07254
1.2	0.07485	0.07342
1.21	0.07498	0.07464
1.22	0.07518	0.07605
1.23	0.07563	0.07746
1.24	0.07642	0.07868
1.25	0.07755	0.07957
1.26	0.07892	0.08009
1.27	0.08036	0.0803
1.28	0.08167	0.08038
1.29	0.0827	0.08053
1.3	0.08337	0.08093
1.31	0.08371	0.08168
1.32	0.08383	0.08278
1.33	0.08392	0.08411
1.34	0.08416	0.0855
1.35	0.0847	0.08674
1.36	0.0856	0.08766
1.37	0.0868	0.08822
1.38	0.08818	0.08845
1.39	0.08954	0.0885
1.4	0.0907	0.08857
1.41	0.09154	0.08885
1.42	0.09202	0.08947
1.43	0.0922	0.09045
1.44	0.09224	0.0917
1.45	0.09232	0.09305
1.46	0.09263	0.09429
1.47	0.09328	0.09526
1.48	0.09427	0.09586
1.49	0.09552	0.09611
1.5	0.09687	0.09614
1.51	0.09813	0.09615
1.52	0.09912	0.09632
1.53	0.09977	0.09681
1.54	0.10006	0.09766
1.55	0.10012	0.09882
1.56	0.10011	0.10012
1.57	0.10023	0.10137
1.58	0.10062	0.10237
1.59	0.10137	0.10302
1.6	0.10244	0.1033
1.61	0.10372	0.10333
1.62	0.10501	0.10328
1.63	0.10613	0.10335
1.64	0.10695	0.10372
1.65	0.1074	0.10444
1.66	0.10753	0.1055
1.67	0.1075	0.10674
1.68	0.10747	0.10798
1.69	0.10765	0.10901
1.7	0.10815	0.1097
1.71	0.109	0.11003
1.72	0.11014	0.11006
1.73	0.1114	0.10997
1.74	0.1126	0.10995
1.75	0.11356	0.1102
1.76	0.11418	0.1108
1.77	0.11445	0.11175
1.78	0.11445	0.11292
1.79	0.11436	0.11414
1.8	0.11436	0.11519
1.81	0.11462	0.11593
1.82	0.11523	0.1163
1.83	0.11617	0.11635
1.84	0.11734	0.11623
1.85	0.11856	0.11614
1.86	0.11964	0.11627
1.87	0.12043	0.11675
1.88	0.12086	0.11758
1.89	0.12096	0.11868
1.9	0.12086	0.11987
1.91	0.12074	0.12094
1.92	0.1208	0.12172
1.93	0.12116	0.12214
1.94	0.12187	0.12222
1.95	0.12289	0.12208
1.96	0.12406	0.12193
1.97	0.12521	0.12195
1.98	0.12615	0.1223
1.99	0.12675	0.12302
2	0.12699	0.12403
2.01	0.12695	0.12518
2.02	0.12678	0.12626
2.03	0.12667	0.12708
2.04	0.12681	0.12755
2.05	0.12728	0.12766
2.06	0.12809	0.12752
2.07	0.12916	0.12732
2.08	0.13031	0.12725
2.09	0.13135	0.12748
2.1	0.13212	0.12807
2.11	0.13253	0.12899
2.12	0.1326	0.13009
2.13	0.13245	0.13116
2.14	0.13225	0.13203
2.15	0.13219	0.13255
2.16	0.13241	0.1327
2.17	0.133	0.13257
2.18	0.1339	0.13233
2.19	0.13498	0.13217
2.2	0.13607	0.13229
2.21	0.13698	0.13276
2.22	0.13757	0.13358
2.23	0.1378	0.13461
2.24	0.13773	0.13568
2.25	0.13749	0.13657
2.26	0.13729	0.13714
2.27	0.1373	0.13735
2.28	0.13764	0.13723
2.29	0.13833	0.13696
2.3	0.13929	0.13674
2.31	0.14037	0.13674
2.32	0.14137	0.13709
2.33	0.14212	0.1378
2.34	0.14252	0.13877
2.35	0.14258	0.13981
2.36	0.14238	0.14073
2.37	0.1421	0.14135
2.38	0.14193	0.14161
2.39	0.14204	0.14152
2.4	0.14249	0.14124
2.41	0.14328	0.14095
2.42	0.14428	0.14086
2.43	0.14531	0.14109
2.44	0.14619	0.14168
2.45	0.14677	0.14257
2.46	0.14699	0.14358
2.47	0.14689	0.14451
2.48	0.1466	0.14518
2.49	0.14631	0.14549
2.5	0.14621	0.14545
2.51	0.14642	0.14517
2.52	0.14699	0.14483
2.53	0.14785	0.14464
2.54	0.14885	0.14475
2.55	0.14981	0.14524
2.56	0.15055	0.14603
2.57	0.15095	0.147
2.58	0.15099	0.14794
2.59	0.15076	0.14865
2.6	0.15042	0.14902
2.61	0.15015	0.14902
2.62	0.15014	0.14875
2.63	0.15047	0.14837
2.64	0.15114	0.1481
2.65	0.15205	0.14811
2.66	0.15303	0.14847
2.67	0.15388	0.14917
2.68	0.15446	0.15009
2.69	0.15467	0.15102
2.7	0.15455	0.15177
2.71	0.15422	0.1522
2.72	0.15386	0.15225
2.73	0.15365	0.152
2.74	0.15374	0.1516
2.75	0.15419	0.15126
2.76	0.15495	0.15115
2.77	0.15588	0.1514
2.78	0.1568	0.152
2.79	0.15752	0.15286
2.8	0.15792	0.15377
2.81	0.15795	0.15455
2.82	0.1577	0.15504
2.83	0.1573	0.15515
2.84	0.15695	0.15493
2.85	0.15682	0.15452
2.86	0.15703	0.15412
2.87	0.15759	0.15391
2.88	0.15841	0.15405
2.89	0.15933	0.15454
2.9	0.16016	0.15532
2.91	0.16073	0.15621
2.92	0.16095	0.15701
2.93	0.16082	0.15755
2.94	0.16046	0.15772
2.95	0.16003	0.15754
2.96	0.15972	0.15713
2.97	0.1597	0.15668
2.98	0.16003	0.15639
2.99	0.16069	0.15641
3	0.16154	0.15688
3.01	0.16242	0.15788
3.02	0.16313	0.15919
3.03	0.16353	0.16043
3.04	0.16357	0.16121
3.05	0.1633	0.16128
3.06	0.16286	0.16064
3.07	0.16243	0.15946
3.08	0.1622	0.15811
3.09	0.1623	0.15698
3.1	0.16286	0.15642
3.11	0.16393	0.1566
3.12	0.16526	0.15744
3.13	0.16647	0.15869
3.14	0.16721	0.15996
3.15	0.16727	0.16084
3.16	0.16662	0.16107
3.17	0.16546	0.16056
3.18	0.1641	0.15946
3.19	0.16294	0.15808
3.2	0.1623	0.15684
3.21	0.16235	0.1561
3.22	0.16309	0.15608
3.23	0.16428	0.15676
3.24	0.16558	0.15792
3.25	0.16661	0.15919
3.26	0.16706	0.16017
3.27	0.16679	0.16055
3.28	0.16588	0.16018
3.29	0.16456	0.15917
3.3	0.16321	0.1578
3.31	0.1622	0.15647
3.32	0.16182	0.15556
3.33	0.16215	0.15534
3.34	0.16309	0.15584
3.35	0.16435	0.15689
3.36	0.16556	0.15815
3.37	0.16635	0.15921
3.38	0.16648	0.15973
3.39	0.16589	0.15951
3.4	0.16474	0.15861
3.41	0.16334	0.15727
3.42	0.16207	0.15587
3.43	0.16128	0.15481
3.44	0.16117	0.15439
3.45	0.16175	0.1547
3.46	0.16285	0.15563
3.47	0.16411	0.15685
3.48	0.16515	0.15798
3.49	0.16567	0.15862
3.5	0.16547	0.15856
3.51	0.1646	0.15779
3.52	0.16328	0.15649
3.53	0.16187	0.15505
3.54	0.16073	0.15385
3.55	0.16018	0.15324
3.56	0.16035	0.15336
3.57	0.16115	0.15415
3.58	0.16234	0.15531
3.59	0.16354	0.15648
3.6	0.16438	0.15724
3.61	0.16458	0.15734
3.62	0.16407	0.1567
3.63	0.16295	0.15548
3.64	0.16152	0.15401
3.65	0.16015	0.1527
3.66	0.15922	0.15191
3.67	0.15894	0.15184
3.68	0.15937	0.15246
3.69	0.16036	0.15355
3.7	0.16158	0.15473
3.71	0.16264	0.1556
3.72	0.16322	0.15585
3.73	0.1631	0.15536
3.74	0.16228	0.15423
3.75	0.16097	0.15276
3.76	0.1595	0.15136
3.77	0.15826	0.1504
3.78	0.15756	0.15013
3.79	0.15756	0.15059
3.8	0.15823	0.15158
3.81	0.15934	0.15276
3.82	0.16052	0.15371
3.83	0.16139	0.15411
3.84	0.16167	0.15377
3.85	0.16124	0.15275
3.86	0.16016	0.15131
3.87	0.15872	0.14984
3.88	0.15728	0.14873
3.89	0.15621	0.14827
3.9	0.15577	0.14854
3.91	0.15605	0.14941
3.92	0.15692	0.15057
3.93	0.15808	0.15159
3.94	0.15916	0.15212
3.95	0.1598	0.15194
3.96	0.15977	0.15105
3.97	0.15902	0.14966
3.98	0.15773	0.14814
3.99	0.15622	0.1469
4	0.15488	0.14625
4.01	0.15403	0.14633
4.02	0.15388	0.14707
4.03	0.15441	0.14818
4.04	0.15543	0.14925
4.05	0.15659	0.14991
4.06	0.1575	0.14989
4.07	0.15786	0.14914
4.08	0.1575	0.14782
4.09	0.15648	0.14627
4.1	0.15503	0.14491
4.11	0.15353	0.14409
4.12	0.15234	0.14398
4.13	0.15175	0.14457
4.14	0.15188	0.1456
4.15	0.15263	0.14671
4.16	0.15373	0.14748
4.17	0.15482	0.14761
4.18	0.15551	0.14701
4.19	0.15556	0.14578
4.2	0.1549	0.14424
4.21	0.15365	0.14279
4.22	0.15212	0.14179
4.23	0.15068	0.1415
4.24	0.1497	0.14192
4.25	0.14939	0.14287
4.26	0.14978	0.14397
4.27	0.1507	0.14484
4.28	0.15183	0.14513
4.29	0.15278	0.14468
4.3	0.15321	0.14357
4.31	0.15294	0.14205
4.32	0.15199	0.14052
4.33	0.15056	0.13938
4.34	0.149	0.13889
4.35	0.1477	0.13914
4.36	0.14697	0.13998
4.37	0.14695	0.14107
4.38	0.14758	0.14201
4.39	0.14862	0.14244
4.4	0.1497	0.14216
4.41	0.15045	0.14117
4.42	0.15059	0.1397
4.43	0.15	0.13813
4.44	0.1488	0.13685
4.45	0.14726	0.13618
4.46	0.14575	0.13624
4.47	0.14464	0.13695
4.48	0.14418	0.138
4.49	0.14444	0.13901
4.5	0.14526	0.13957
4.51	0.14635	0.13945
4.52	0.14732	0.1386
4.53	0.14783	0.1372
4.54	0.14766	0.1356
4.55	0.14678	0.13421
4.56	0.14538	0.13336
4.57	0.14379	0.13324
4.58	0.14239	0.1338
4.59	0.14152	0.1348
4.6	0.14135	0.13584
4.61	0.14185	0.13652
4.62	0.14282	0.13656
4.63	0.14389	0.13587
4.64	0.1447	0.13456
4.65	0.14492	0.13296
4.66	0.14443	0.13146
4.67	0.14329	0.13045
4.68	0.14175	0.13014
4.69	0.14018	0.13055
4.7	0.13896	0.13146
4.71	0.13836	0.13252
4.72	0.13847	0.13331
4.73	0.13919	0.13351
4.74	0.14024	0.13297
4.75	0.14123	0.13177
4.76	0.14181	0.13019
4.77	0.14173	0.12862
4.78	0.14093	0.12746
4.79	0.13957	0.12697
4.8	0.13796	0.12721
4.81	0.13649	0.12802
4.82	0.13548	0.12906
4.83	0.13517	0.12994
4.84	0.13554	0.13029
4.85	0.13643	0.12991
4.86	0.13749	0.12884
4.87	0.13834	0.12731
4.88	0.13865	0.12569
4.89	0.13826	0.12439
4.9	0.13719	0.12372
4.91	0.13567	0.12378
4.92	0.13406	0.12447
4.93	0.13273	0.12549
4.94	0.13199	0.12643
4.95	0.13196	0.12692
4.96	0.13257	0.12671
4.97	0.13356	0.12578
4.98	0.13457	0.12432
4.99	0.13522	0.12267
5	0.13524	0.12126
5.01	0.13453	0.12041
5.02	0.13323	0.12029
5.03	0.13161	0.12084
5.04	0.13006	0.12181
5.05	0.12894	0.1228
5.06	0.12848	0.12341
5.07	0.12874	0.12337
5.08	0.12954	0.12259
5.09	0.13058	0.12122
5.1	0.13146	0.11957
5.11	0.13186	0.11806
5.12	0.13157	0.11704
5.13	0.13058	0.11674
5.14	0.12909	0.11715
5.15	0.12745	0.11804
5.16	0.12603	0.11905
5.17	0.12516	0.11978
5.18	0.12499	0.1199
5.19	0.12549	0.11928
5.2	0.12642	0.11802
5.21	0.12743	0.11639
5.22	0.12815	0.1148
5.23	0.12826	0.11364
5.24	0.12766	0.11315
5.25	0.12643	0.11339
5.26	0.12482	0.11419
5.27	0.12321	0.1152
5.28	0.12198	0.11602
5.29	0.12138	0.1163
5.3	0.1215	0.11585
5.31	0.12221	0.11471
5.32	0.12322	0.11313
5.33	0.12414	0.11149
5.34	0.12463	0.11019
5.35	0.12444	0.10952
5.36	0.12354	0.10959
5.37	0.1221	0.11028
5.38	0.12044	0.11127
5.39	0.11894	0.11217
5.4	0.11794	0.11259
5.41	0.11764	0.11231
5.42	0.11803	0.11131
5.43	0.1189	0.1098
5.44	0.11991	0.10813
5.45	0.12068	0.10671
5.46	0.12089	0.10587
5.47	0.12039	0.10576
5.48	0.11923	0.10632
5.49	0.11765	0.10727
5.5	0.116	0.10817
5.51	0.11467	0.10847
5.52	0.11394	0.10778
5.53	0.11393	0.10599
5.54	0.11454	0.10333
5.55	0.11551	0.10029
5.56	0.11646	0.09748
5.57	0.11702	0.09545
5.58	0.11694	0.09449
5.59	0.11615	0.09459
5.6	0.11477	0.09539
5.61	0.1131	0.09634
5.62	0.11154	0.09682
5.63	0.11042	0.09639
5.64	0.10998	0.09484
5.65	0.11025	0.09234
5.66	0.11105	0.08933
5.67	0.11204	0.08641
5.68	0.11275	0.08415
5.69	0.11269	0.08293
5.7	0.11158	0.08279
5.71	0.10944	0.08347
5.72	0.10659	0.08443
5.73	0.10355	0.08507
5.74	0.10089	0.08488
5.75	0.09909	0.08359
5.76	0.09836	0.08128
5.77	0.0986	0.07833
5.78	0.09946	0.07533
5.79	0.10039	0.07287
5.8	0.10082	0.07138
5.81	0.10033	0.071
5.82	0.09877	0.07152
5.83	0.09628	0.07247
5.84	0.09328	0.07323
5.85	0.09033	0.07327
5.86	0.08798	0.07224
5.87	0.0866	0.07014
5.88	0.08629	0.0673
5.89	0.08685	0.06425
5.9	0.0878	0.06161
5.91	0.08859	0.05986
5.92	0.08867	0.05922
5.93	0.08774	0.05956
5.94	0.08575	0.06046
5.95	0.08298	0.06132
5.96	0.07992	0.06157
5.97	0.07716	0.0608
5.98	0.07518	0.05893
5.99	0.07425	0.05622
6	0.07434	0.05316
6.01	0.07513	0.05037
6.02	0.07608	0.04838
6.03	0.07663	0.04747
6.04	0.0763	0.04761
6.05	0.07491	0.04842
6.06	0.07254	0.04935
6.07	0.06958	0.04978
6.08	0.06657	0.04927
6.09	0.06408	0.04765
6.1	0.06253	0.0451
6.11	0.06205	0.04207
6.12	0.06248	0.03916
6.13	0.0634	0.03694
6.14	0.06424	0.03577
6.15	0.06447	0.03568
6.16	0.0637	0.03638
6.17	0.06187	0.03733
6.18	0.0592	0.03793
6.19	0.05615	0.03767
6.2	0.05329	0.03631
6.21	0.05115	0.03394
6.22	0.05003	0.03097
6.23	0.04996	0.02797
6.24	0.05066	0.02555
6.25	0.05162	0.02411
6.26	0.05226	0.02378
6.27	0.05211	0.02433
6.28	0.05089	0.02528
6.29	0.04866	0.02601
6.3	0.04576	0.02599
6.31	0.04272	0.02489
6.32	0.0401	0.02274
6.33	0.03836	0.01986
6.34	0.0377	0.01681
6.35	0.038	0.01421
6.36	0.03888	0.01251
6.37	0.03977	0.01193
6.38	0.04013	0.01231
6.39	0.03954	0.01322
6.4	0.03788	0.01406
6.41	0.03531	0.01425
6.42	0.03228	0.01342
6.43	0.02935	0.01149
6.44	0.02706	0.00874
6.45	0.02576	0.00568
6.46	0.02553	0.00292
6.47	0.02613	9.83183E-4
6.48	0.02708	1.38315E-4
6.49	0.02781	3.21717E-4
6.5	0.02781	0.00116
6.51	0.02678	0.00207
6.52	0.0247	0.00246
6.53	0.02188	0.00189
6.54	0.01882	2.0881E-4
6.55	0.01609	-0.00239
6.56	0.01418	-0.00543
6.57	0.01334	-0.00831
6.58	0.0135	-0.01048
6.59	0.01431	-0.01158
6.6	0.01524	-0.01162
6.61	0.01572	-0.01089
6.62	0.01531	-0.00994
6.63	0.01383	-0.00937
6.64	0.01139	-0.00969
6.65	0.0084	-0.01111
6.66	0.00541	-0.01352
6.67	0.00297	-0.01651
6.68	0.0015	-0.01948
6.69	0.0011	-0.02186
6.7	0.00159	-0.02323
6.71	0.00253	-0.0235
6.72	0.00334	-0.0229
6.73	0.00349	-0.02195
6.74	0.00263	-0.02124
6.75	7.11534E-4	-0.02131
6.76	-0.00202	-0.02247
6.77	-0.00508	-0.02467
6.78	-0.00789	-0.02757
6.79	-0.00996	-0.0306
6.8	-0.01098	-0.03316
6.81	-0.01097	-0.03479
6.82	-0.01023	-0.0353
6.83	-0.00928	-0.03487
6.84	-0.00868	-0.03394
6.85	-0.00892	-0.03312
6.86	-0.01022	-0.03297
6.87	-0.01252	-0.03386
6.88	-0.01545	-0.03583
6.89	-0.01848	-0.03861
6.9	-0.02103	-0.04166
6.91	-0.02268	-0.04438
6.92	-0.02326	-0.04625
6.93	-0.02289	-0.04702
6.94	-0.02199	-0.04678
6.95	-0.02111	-0.04592
6.96	-0.02082	-0.04501
6.97	-0.02148	-0.04465
6.98	-0.02323	-0.04528
6.99	-0.02585	-0.04701
7	-0.02889	-0.04963
7.01	-0.03178	-0.05267
7.02	-0.034	-0.05551
7.03	-0.0352	-0.05761
7.04	-0.03534	-0.05865
7.05	-0.03468	-0.05862
7.06	-0.03371	-0.05785
7.07	-0.03302	-0.05689
7.08	-0.03309	-0.05635
7.09	-0.03422	-0.05672
7.1	-0.03636	-0.05819
7.11	-0.03922	-0.06063
7.12	-0.04227	-0.06362
7.13	-0.04493	-0.06656
7.14	-0.04674	-0.06888
7.15	-0.04748	-0.07017
7.16	-0.04724	-0.07037
7.17	-0.04639	-0.06972
7.18	-0.04547	-0.06875
7.19	-0.04504	-0.06806
7.2	-0.04552	-0.06818
7.21	-0.04708	-0.06938
7.22	-0.04957	-0.07162
7.23	-0.05257	-0.07453
7.24	-0.05552	-0.07753
7.25	-0.05788	-0.08003
7.26	-0.05925	-0.08158
7.27	-0.05956	-0.08202
7.28	-0.059	-0.08153
7.29	-0.05804	-0.08058
7.3	-0.05725	-0.07976
7.31	-0.05716	-0.07964
7.32	-0.05809	-0.08058
7.33	-0.06007	-0.08259
7.34	-0.06283	-0.08538
7.35	-0.06588	-0.08841
7.36	-0.06864	-0.09108
7.37	-0.07061	-0.09287
7.38	-0.07153	-0.09356
7.39	-0.07142	-0.09325
7.4	-0.07062	-0.09235
7.41	-0.06966	-0.09144
7.42	-0.06911	-0.09111
7.43	-0.06941	-0.09178
7.44	-0.07079	-0.09355
7.45	-0.07315	-0.09619
7.46	-0.07609	-0.09921
7.47	-0.07908	-0.10201
7.48	-0.08155	-0.10404
7.49	-0.08309	-0.10499
7.5	-0.08356	-0.10488
7.51	-0.08311	-0.10407
7.52	-0.08218	-0.1031
7.53	-0.08131	-0.10258
7.54	-0.08106	-0.10298
7.55	-0.0818	-0.10449
7.56	-0.0836	-0.10696
7.57	-0.08625	-0.10994
7.58	-0.08928	-0.11284
7.59	-0.09212	-0.11508
7.6	-0.09424	-0.11628
7.61	-0.09533	-0.1164
7.62	-0.09537	-0.1157
7.63	-0.09465	-0.11471
7.64	-0.09366	-0.11402
7.65	-0.09299	-0.11417
7.66	-0.09312	-0.11542
7.67	-0.0943	-0.11768
7.68	-0.0965	-0.12059
7.69	-0.09937	-0.12355
7.7	-0.10239	-0.12599
7.71	-0.10497	-0.12745
7.72	-0.10668	-0.1278
7.73	-0.1073	-0.12725
7.74	-0.10697	-0.12626
7.75	-0.10606	-0.12545
7.76	-0.10513	-0.12536
7.77	-0.10474	-0.12633
7.78	-0.10529	-0.12837
7.79	-0.10692	-0.13116
7.8	-0.10945	-0.13416
7.81	-0.11244	-0.13676
7.82	-0.11533	-0.13847
7.83	-0.11758	-0.13908
7.84	-0.11884	-0.1387
7.85	-0.11904	-0.13775
7.86	-0.1184	-0.13683
7.87	-0.11741	-0.13652
7.88	-0.11663	-0.13722
7.89	-0.11659	-0.13902
7.9	-0.11757	-0.14167
7.91	-0.1196	-0.14467
7.92	-0.12238	-0.14741
7.93	-0.1254	-0.14935
7.94	-0.12808	-0.15021
7.95	-0.12994	-0.15003
7.96	-0.13074	-0.14915
7.97	-0.13054	-0.14816
7.98	-0.12968	-0.14766
7.99	-0.12869	-0.14809
8	-0.12816	-0.14972
8.01	-0.12852	-0.1525
8.02	-0.12996	-0.15592
8.03	-0.13235	-0.15918
8.04	-0.13529	-0.16154
8.05	-0.13823	-0.1625
8.06	-0.1406	-0.16201
8.07	-0.14202	-0.16046
8.08	-0.14237	-0.15857
8.09	-0.14182	-0.15714
8.1	-0.14083	-0.15685
8.11	-0.13997	-0.15802
8.12	-0.13976	-0.16054
8.13	-0.14056	-0.16387
8.14	-0.14242	-0.16724
8.15	-0.14509	-0.16985
8.16	-0.14809	-0.17115
8.17	-0.15084	-0.17098
8.18	-0.15285	-0.16962
8.19	-0.15382	-0.16772
8.2	-0.15375	-0.16611
8.21	-0.15295	-0.16549
8.22	-0.15194	-0.1663
8.23	-0.15128	-0.16853
8.24	-0.15145	-0.17172
8.25	-0.15273	-0.17515
8.26	-0.15519	-0.17799
8.27	-0.15848	-0.17963
8.28	-0.1619	-0.17978
8.29	-0.1647	-0.17865
8.3	-0.16628	-0.1768
8.31	-0.16643	-0.17503
8.32	-0.16532	-0.17412
8.33	-0.1635	-0.17457
8.34	-0.16172	-0.17648
8.35	-0.1607	-0.17949
8.36	-0.16098	-0.18293
8.37	-0.16268	-0.18597
8.38	-0.16555	-0.18792
8.39	-0.16899	-0.18841
8.4	-0.17222	-0.18753
8.41	-0.17455	-0.18577
8.42	-0.17553	-0.1839
8.43	-0.1751	-0.18272
8.44	-0.1736	-0.18281
8.45	-0.17169	-0.18438
8.46	-0.17014	-0.18718
8.47	-0.16962	-0.19058
8.48	-0.17048	-0.19377
8.49	-0.17272	-0.19602
8.5	-0.17589	-0.19686
8.51	-0.17933	-0.19626
8.52	-0.18225	-0.19464
8.53	-0.18405	-0.19271
8.54	-0.18442	-0.19129
8.55	-0.18348	-0.19104
8.56	-0.18172	-0.19225
8.57	-0.17985	-0.19479
8.58	-0.17864	-0.19811
8.59	-0.17866	-0.20142
8.6	-0.18011	-0.20393
8.61	-0.1828	-0.20511
8.62	-0.18617	-0.20482
8.63	-0.18948	-0.20337
8.64	-0.19198	-0.20143
8.65	-0.19319	-0.19981
8.66	-0.19296	-0.19923
8.67	-0.19159	-0.20009
8.68	-0.18967	-0.20234
8.69	-0.18799	-0.20553
8.7	-0.18723	-0.2089
8.71	-0.18784	-0.21165
8.72	-0.18985	-0.21317
8.73	-0.1929	-0.2132
8.74	-0.19633	-0.21196
8.75	-0.19937	-0.21006
8.76	-0.20136	-0.20828
8.77	-0.20194	-0.20739
8.78	-0.20117	-0.20788
8.79	-0.19947	-0.20982
8.8	-0.19755	-0.21284
8.81	-0.19618	-0.21624
8.82	-0.19595	-0.21919
8.83	-0.19714	-0.22102
8.84	-0.19963	-0.22139
8.85	-0.20292	-0.2204
8.86	-0.20627	-0.21857
8.87	-0.20893	-0.21668
8.88	-0.21035	-0.21551
8.89	-0.21034	-0.21564
8.9	-0.2091	-0.21725
8.91	-0.20721	-0.22006
8.92	-0.20541	-0.22342
8.93	-0.20444	-0.22654
8.94	-0.20478	-0.22867
8.95	-0.20654	-0.22938
8.96	-0.20943	-0.22867
8.97	-0.21283	-0.22696
8.98	-0.21597	-0.225
8.99	-0.21816	-0.22358
9	-0.21897	-0.22337
9.01	-0.21838	-0.22462
9.02	-0.21677	-0.22718
9.03	-0.21481	-0.23047
9.04	-0.21327	-0.23371
9.05	-0.2128	-0.23611
9.06	-0.21373	-0.23717
9.07	-0.21602	-0.23675
9.08	-0.2192	-0.23521
9.09	-0.22257	-0.23322
9.1	-0.22537	-0.2316
9.11	-0.227	-0.23105
9.12	-0.22719	-0.23194
9.13	-0.2261	-0.23422
9.14	-0.22425	-0.23739
9.15	-0.22236	-0.24071
9.16	-0.22119	-0.24335
9.17	-0.22127	-0.24474
9.18	-0.22279	-0.24465
9.19	-0.2255	-0.24331
9.2	-0.22884	-0.24134
9.21	-0.23205	-0.23955
9.22	-0.23441	-0.23868
9.23	-0.23545	-0.23921
9.24	-0.23506	-0.24118
9.25	-0.23356	-0.24419
9.26	-0.23159	-0.24753
9.27	-0.2299	-0.25039
9.28	-0.22919	-0.2521
9.29	-0.22985	-0.25234
9.3	-0.23191	-0.25124
9.31	-0.23496	-0.24933
9.32	-0.23834	-0.24741
9.33	-0.24126	-0.24626
9.34	-0.24309	-0.24643
9.35	-0.2435	-0.24806
9.36	-0.24258	-0.25087
9.37	-0.24078	-0.2542
9.38	-0.23881	-0.25723
9.39	-0.23745	-0.25924
9.4	-0.23728	-0.25982
9.41	-0.23854	-0.25898
9.42	-0.24107	-0.25719
9.43	-0.24434	-0.25519
9.44	-0.2476	-0.25378
9.45	-0.25012	-0.25359
9.46	-0.25136	-0.25488
9.47	-0.25117	-0.25745
9.48	-0.2498	-0.26071
9.49	-0.24783	-0.26387
9.5	-0.24602	-0.26616
9.51	-0.24508	-0.26708
9.52	-0.24548	-0.26654
9.53	-0.2473	-0.2649
9.54	-0.2502	-0.26286
9.55	-0.25354	-0.26123
9.56	-0.25657	-0.26071
9.57	-0.2586	-0.26163
9.58	-0.25923	-0.26393
9.59	-0.25849	-0.26708
9.6	-0.25676	-0.27033
9.61	-0.25475	-0.27287
9.62	-0.25321	-0.27412
9.63	-0.25279	-0.2739
9.64	-0.25378	-0.27245
9.65	-0.2561	-0.27042
9.66	-0.25927	-0.26861
9.67	-0.26256	-0.26776
9.68	-0.26523	-0.26832
9.69	-0.26668	-0.27031
9.7	-0.2667	-0.27331
9.71	-0.26546	-0.2766
9.72	-0.26351	-0.27936
9.73	-0.26159	-0.28093
9.74	-0.26045	-0.28104
9.75	-0.26059	-0.27982
9.76	-0.26216	-0.27785
9.77	-0.2649	-0.2759
9.78	-0.2682	-0.27475
9.79	-0.2713	-0.27495
9.8	-0.2735	-0.27661
9.81	-0.27435	-0.27942
9.82	-0.27379	-0.2827
9.83	-0.27216	-0.28564
9.84	-0.27012	-0.28752
9.85	-0.26843	-0.28796
9.86	-0.26776	-0.28701
9.87	-0.26848	-0.28513
9.88	-0.27058	-0.28309
9.89	-0.27362	-0.28168
9.9	-0.27692	-0.28152
9.91	-0.27971	-0.28283
9.92	-0.28138	-0.28541
9.93	-0.28161	-0.28863
9.94	-0.28053	-0.29171
9.95	-0.27863	-0.29388
9.96	-0.27662	-0.29466
9.97	-0.27527	-0.29399
9.98	-0.27515	-0.29226
9.99	-0.27646	-0.29016
10	-0.27901	-0.28853
10.01	-0.28224	-0.28802
10.02	-0.28541	-0.28898
10.03	-0.28777	-0.29128
10.04	-0.28884	-0.29441
10.05	-0.28847	-0.29758
10.06	-0.28695	-0.30001
10.07	-0.28489	-0.30112
10.08	-0.28307	-0.30077
10.09	-0.28217	-0.29922
10.1	-0.28263	-0.29712
10.11	-0.2845	-0.29529
10.12	-0.2874	-0.29446
10.13	-0.29068	-0.29505
10.14	-0.29358	-0.29706
10.15	-0.29543	-0.30004
10.16	-0.29588	-0.30326
10.17	-0.29496	-0.30591
10.18	-0.29313	-0.30736
10.19	-0.29106	-0.30732
10.2	-0.28953	-0.30599
10.21	-0.28915	-0.30394
10.22	-0.29019	-0.30196
10.23	-0.29253	-0.30083
10.24	-0.29567	-0.30105
10.25	-0.29888	-0.30274
10.26	-0.30139	-0.30553
10.27	-0.30267	-0.30876
10.28	-0.30251	-0.3116
10.29	-0.30113	-0.31335
10.3	-0.29908	-0.31365
10.31	-0.29713	-0.31258
10.32	-0.29601	-0.31061
10.33	-0.2962	-0.30853
10.34	-0.29782	-0.30712
10.35	-0.30056	-0.30699
10.36	-0.30381	-0.30833
10.37	-0.30679	-0.3109
10.38	-0.30883	-0.31408
10.39	-0.30949	-0.31707
10.4	-0.30875	-0.31911
10.41	-0.30699	-0.31975
10.42	-0.30488	-0.31896
10.43	-0.30318	-0.31713
10.44	-0.30256	-0.31498
10.45	-0.30334	-0.31333
10.46	-0.30547	-0.31285
10.47	-0.30849	-0.31383
10.48	-0.31171	-0.31614
10.49	-0.31436	-0.31924
10.5	-0.31583	-0.32228
10.51	-0.31588	-0.32434
10.52	-0.31464	-0.32473
10.53	-0.31264	-0.32329
10.54	-0.31059	-0.32039
10.55	-0.30926	-0.31687
10.56	-0.30918	-0.31373
10.57	-0.31053	-0.31189
10.58	-0.31309	-0.31184
10.59	-0.31628	-0.31354
10.6	-0.31934	-0.31642
10.61	-0.32154	-0.31954
10.62	-0.32242	-0.32189
10.63	-0.32188	-0.3227
10.64	-0.32022	-0.32166
10.65	-0.31809	-0.31903
10.66	-0.31624	-0.31555
10.67	-0.31537	-0.31222
10.68	-0.31588	-0.30999
10.69	-0.31778	-0.30949
10.7	-0.32067	-0.31079
10.71	-0.32389	-0.31345
10.72	-0.32665	-0.31659
10.73	-0.32832	-0.3192
10.74	-0.32857	-0.3204
10.75	-0.32749	-0.31978
10.76	-0.32553	-0.31746
10.77	-0.32341	-0.31408
10.78	-0.32189	-0.31061
10.79	-0.32155	-0.30804
10.8	-0.32265	-0.30708
10.81	-0.32502	-0.30796
10.82	-0.32812	-0.31036
10.83	-0.33116	-0.31346
10.84	-0.33329	-0.31627
10.85	-0.33382	-0.31785
10.86	-0.33256	-0.31765
10.87	-0.32982	-0.31568
10.88	-0.32633	-0.31245
10.89	-0.32304	-0.30889
10.9	-0.32084	-0.30601
10.91	-0.3203	-0.30462
10.92	-0.32154	-0.30507
10.93	-0.32414	-0.30715
10.94	-0.3273	-0.31016
10.95	-0.33006	-0.31311
10.96	-0.33156	-0.31503
10.97	-0.33133	-0.31526
10.98	-0.32937	-0.31366
10.99	-0.32619	-0.31065
11	-0.32264	-0.30706
11.01	-0.3197	-0.30392
11.02	-0.31813	-0.30211
11.03	-0.31835	-0.3021
11.04	-0.32023	-0.30383
11.05	-0.32316	-0.30669
11.06	-0.32625	-0.30973
11.07	-0.32855	-0.31196
11.08	-0.32934	-0.31261
11.09	-0.32834	-0.31141
11.1	-0.32577	-0.30865
11.11	-0.32231	-0.30509
11.12	-0.31889	-0.30174
11.13	-0.31643	-0.29954
11.14	-0.31558	-0.29907
11.15	-0.31651	-0.30042
11.16	-0.3189	-0.30307
11.17	-0.322	-0.30615
11.18	-0.32485	-0.30863
11.19	-0.32658	-0.30969
11.2	-0.32663	-0.3089
11.21	-0.32491	-0.30644
11.22	-0.32185	-0.30297
11.23	-0.31827	-0.29946
11.24	-0.31513	-0.29691
11.25	-0.31327	-0.29599
11.26	-0.31314	-0.29692
11.27	-0.31474	-0.29932
11.28	-0.31752	-0.30237
11.29	-0.32062	-0.30507
11.3	-0.32309	-0.3065
11.31	-0.32415	-0.30614
11.32	-0.32341	-0.30402
11.33	-0.32104	-0.30069
11.34	-0.31763	-0.29709
11.35	-0.31411	-0.29421
11.36	-0.3114	-0.29286
11.37	-0.31022	-0.29335
11.38	-0.31084	-0.29544
11.39	-0.31301	-0.29842
11.4	-0.31603	-0.30128
11.41	-0.31896	-0.30306
11.42	-0.32089	-0.30313
11.43	-0.3212	-0.30137
11.44	-0.31972	-0.29824
11.45	-0.3168	-0.29459
11.46	-0.31322	-0.29144
11.47	-0.30992	-0.28967
11.48	-0.30777	-0.28971
11.49	-0.30732	-0.29146
11.5	-0.30862	-0.2943
11.51	-0.31122	-0.29726
11.52	-0.31431	-0.29935
11.53	-0.31691	-0.29984
11.54	-0.31821	-0.29848
11.55	-0.31776	-0.2956
11.56	-0.31561	-0.29196
11.57	-0.31229	-0.28859
11.58	-0.30869	-0.28642
11.59	-0.30575	-0.286
11.6	-0.30425	-0.28738
11.61	-0.30454	-0.29002
11.62	-0.30645	-0.29304
11.63	-0.30935	-0.2954
11.64	-0.31234	-0.2963
11.65	-0.31447	-0.29535
11.66	-0.31505	-0.29275
11.67	-0.31383	-0.28919
11.68	-0.31108	-0.28565
11.69	-0.30751	-0.28312
11.7	-0.30406	-0.28225
11.71	-0.30164	-0.28321
11.72	-0.30086	-0.28561
11.73	-0.30187	-0.28862
11.74	-0.30428	-0.2912
11.75	-0.30732	-0.29248
11.76	-0.31004	-0.29196
11.77	-0.31157	-0.28969
11.78	-0.31138	-0.28626
11.79	-0.30944	-0.28261
11.8	-0.30624	-0.27975
11.81	-0.30259	-0.27843
11.82	-0.29946	-0.27897
11.83	-0.29765	-0.28108
11.84	-0.29761	-0.28401
11.85	-0.29925	-0.28678
11.86	-0.30202	-0.28841
11.87	-0.30503	-0.28832
11.88	-0.30733	-0.28641
11.89	-0.30817	-0.28317
11.9	-0.30722	-0.27946
11.91	-0.30467	-0.27631
11.92	-0.30114	-0.27457
11.93	-0.29757	-0.27465
11.94	-0.29489	-0.27643
11.95	-0.29378	-0.27924
11.96	-0.29447	-0.28212
11.97	-0.29666	-0.28408
11.98	-0.29963	-0.28441
11.99	-0.30244	-0.2829
12	-0.30419	-0.27988
12.01	-0.30428	-0.27618
12.02	-0.30259	-0.2728
12.03	-0.29951	-0.27065
12.04	-0.29583	-0.27028
12.05	-0.29252	-0.27169
12.06	-0.29042	-0.27432
12.07	-0.29005	-0.27727
12.08	-0.29142	-0.27951
12.09	-0.29403	-0.28025
12.1	-0.29704	-0.27914
12.11	-0.29948	-0.27641
12.12	-0.30057	-0.27276
12.13	-0.29988	-0.2692
12.14	-0.29753	-0.26668
12.15	-0.29408	-0.26586
12.16	-0.29042	-0.26686
12.17	-0.28751	-0.26926
12.18	-0.28608	-0.27221
12.19	-0.28644	-0.27469
12.2	-0.28839	-0.27582
12.21	-0.29126	-0.27513
12.22	-0.29414	-0.27272
12.23	-0.29609	-0.26919
12.24	-0.29645	-0.2655
12.25	-0.29502	-0.26265
12.26	-0.2921	-0.26138
12.27	-0.28843	-0.26195
12.28	-0.28496	-0.26408
12.29	-0.28258	-0.26697
12.3	-0.28187	-0.26964
12.31	-0.28293	-0.27113
12.32	-0.28536	-0.27088
12.33	-0.28834	-0.26882
12.34	-0.29092	-0.26546
12.35	-0.29225	-0.2617
12.36	-0.29183	-0.25856
12.37	-0.2897	-0.25685
12.38	-0.28634	-0.25699
12.39	-0.28262	-0.25879
12.4	-0.2795	-0.26157
12.41	-0.27776	-0.26437
12.42	-0.2778	-0.2662
12.43	-0.27949	-0.26636
12.44	-0.28225	-0.26469
12.45	-0.28516	-0.26156
12.46	-0.28728	-0.25779
12.47	-0.2879	-0.2544
12.48	-0.28673	-0.25228
12.49	-0.28399	-0.25196
12.5	-0.28035	-0.2534
12.51	-0.27676	-0.25602
12.52	-0.27412	-0.25889
12.53	-0.27308	-0.26101
12.54	-0.27383	-0.2616
12.55	-0.27604	-0.26033
12.56	-0.27896	-0.25747
12.57	-0.28164	-0.25374
12.58	-0.2832	-0.25016
12.59	-0.28307	-0.24767
12.6	-0.28118	-0.24689
12.61	-0.27795	-0.24793
12.62	-0.27419	-0.25033
12.63	-0.27087	-0.25323
12.64	-0.26883	-0.25559
12.65	-0.26853	-0.25657
12.66	-0.26995	-0.25573
12.67	-0.27255	-0.25318
12.68	-0.27548	-0.24956
12.69	-0.27777	-0.24583
12.7	-0.27865	-0.243
12.71	-0.27774	-0.24177
12.72	-0.27519	-0.24239
12.73	-0.27161	-0.24453
12.74	-0.26791	-0.24738
12.75	-0.26503	-0.24995
12.76	-0.26368	-0.2513
12.77	-0.26412	-0.25088
12.78	-0.26611	-0.24868
12.79	-0.26895	-0.24522
12.8	-0.2717	-0.24141
12.81	-0.27346	-0.23827
12.82	-0.2736	-0.23661
12.83	-0.27196	-0.23679
12.84	-0.26887	-0.23861
12.85	-0.26511	-0.24137
12.86	-0.26163	-0.24409
12.87	-0.2593	-0.24578
12.88	-0.25867	-0.24579
12.89	-0.25979	-0.24396
12.9	-0.26222	-0.24072
12.91	-0.26513	-0.23688
12.92	-0.26757	-0.23349
12.93	-0.2687	-0.23141
12.94	-0.26807	-0.23114
12.95	-0.26574	-0.23261
12.96	-0.26225	-0.23522
12.97	-0.25847	-0.23802
12.98	-0.25536	-0.24002
12.99	-0.25369	-0.24045
13	-0.2538	-0.23894
13.01	-0.25554	-0.23565
13.02	-0.25828	-0.2314
13.03	-0.26109	-0.22738
13.04	-0.26305	-0.22472
13.05	-0.26345	-0.22415
13.06	-0.26206	-0.22575
13.07	-0.25914	-0.22894
13.08	-0.25539	-0.23264
13.09	-0.25177	-0.23565
13.1	-0.24918	-0.23695
13.11	-0.24823	-0.23605
13.12	-0.24906	-0.23313
13.13	-0.25129	-0.22898
13.14	-0.25416	-0.22478
13.15	-0.2567	-0.22171
13.16	-0.25806	-0.2206
13.17	-0.25771	-0.22171
13.18	-0.25561	-0.22458
13.19	-0.25224	-0.22827
13.2	-0.24842	-0.23153
13.21	-0.24511	-0.23329
13.22	-0.24313	-0.2329
13.23	-0.2429	-0.23039
13.24	-0.24437	-0.22643
13.25	-0.24697	-0.22211
13.26	-0.24981	-0.21867
13.27	-0.25194	-0.21704
13.28	-0.25262	-0.21762
13.29	-0.2515	-0.22014
13.3	-0.24877	-0.22373
13.31	-0.24508	-0.22719
13.32	-0.24134	-0.22937
13.33	-0.23849	-0.2295
13.34	-0.23721	-0.22744
13.35	-0.23772	-0.22372
13.36	-0.23974	-0.21936
13.37	-0.24255	-0.2156
13.38	-0.24519	-0.21347
13.39	-0.24677	-0.21352
13.4	-0.24668	-0.21563
13.41	-0.24469	-0.21905
13.42	-0.2411	-0.22264
13.43	-0.23678	-0.2252
13.44	-0.23291	-0.22584
13.45	-0.23049	-0.22426
13.46	-0.23014	-0.22084
13.47	-0.23187	-0.21651
13.48	-0.2351	-0.21249
13.49	-0.2388	-0.20989
13.5	-0.24184	-0.2094
13.51	-0.24326	-0.21106
13.52	-0.24255	-0.21425
13.53	-0.23983	-0.2179
13.54	-0.23579	-0.22079
13.55	-0.23151	-0.22192
13.56	-0.22811	-0.22085
13.57	-0.22649	-0.21778
13.58	-0.22702	-0.21355
13.59	-0.22946	-0.20934
13.6	-0.23301	-0.20631
13.61	-0.23657	-0.20528
13.62	-0.23902	-0.20645
13.63	-0.23957	-0.20936
13.64	-0.23795	-0.213
13.65	-0.23456	-0.21616
13.66	-0.23026	-0.21776
13.67	-0.2262	-0.2172
13.68	-0.22345	-0.21453
13.69	-0.22271	-0.21047
13.7	-0.2241	-0.20613
13.71	-0.22712	-0.20271
13.72	-0.2308	-0.20116
13.73	-0.23401	-0.20182
13.74	-0.23571	-0.20438
13.75	-0.23533	-0.20794
13.76	-0.23288	-0.21131
13.77	-0.22896	-0.21334
13.78	-0.22461	-0.2133
13.79	-0.22098	-0.21108
13.8	-0.21901	-0.20725
13.81	-0.21916	-0.20285
13.82	-0.2213	-0.19911
13.83	-0.22471	-0.19704
13.84	-0.22832	-0.19717
13.85	-0.231	-0.19934
13.86	-0.23187	-0.20275
13.87	-0.23058	-0.20627
13.88	-0.22742	-0.20869
13.89	-0.22317	-0.20916
13.9	-0.21897	-0.20742
13.91	-0.21591	-0.20388
13.92	-0.21478	-0.19949
13.93	-0.2158	-0.19548
13.94	-0.21857	-0.19294
13.95	-0.2222	-0.19253
13.96	-0.22554	-0.19425
13.97	-0.22754	-0.19746
13.98	-0.2275	-0.20105
13.99	-0.22535	-0.20382
14	-0.22159	-0.20479
14.01	-0.21721	-0.20354
14.02	-0.21335	-0.20034
14.03	-0.21102	-0.19604
14.04	-0.21079	-0.19182
14.05	-0.21262	-0.18884
14.06	-0.21587	-0.18789
14.07	-0.21951	-0.18913
14.08	-0.22239	-0.19207
14.09	-0.22357	-0.19567
14.1	-0.22261	-0.19873
14.11	-0.21968	-0.20017
14.12	-0.21551	-0.19944
14.13	-0.2112	-0.19664
14.14	-0.20788	-0.19248
14.15	-0.20638	-0.18812
14.16	-0.20703	-0.18475
14.17	-0.20953	-0.18327
14.18	-0.21307	-0.18401
14.19	-0.21651	-0.18661
14.2	-0.21877	-0.19015
14.21	-0.21907	-0.19343
14.22	-0.21724	-0.19532
14.23	-0.21368	-0.19511
14.24	-0.2093	-0.19274
14.25	-0.20525	-0.1888
14.26	-0.20258	-0.18437
14.27	-0.20196	-0.18065
14.28	-0.20344	-0.17867
14.29	-0.20649	-0.17888
14.3	-0.21013	-0.1811
14.31	-0.21319	-0.18452
14.32	-0.21468	-0.18796
14.33	-0.21407	-0.19025
14.34	-0.21141	-0.19056
14.35	-0.20736	-0.18866
14.36	-0.20296	-0.185
14.37	-0.19938	-0.18056
14.38	-0.19751	-0.17656
14.39	-0.19779	-0.17409
14.4	-0.20002	-0.17377
14.41	-0.20344	-0.17556
14.42	-0.20696	-0.17878
14.43	-0.20945	-0.18232
14.44	-0.21008	-0.18497
14.45	-0.20856	-0.18578
14.46	-0.2052	-0.18438
14.47	-0.20086	-0.18105
14.48	-0.19667	-0.17668
14.49	-0.1937	-0.17246
14.5	-0.1927	-0.16954
14.51	-0.19383	-0.16868
14.52	-0.19665	-0.17
14.53	-0.20024	-0.17297
14.54	-0.20345	-0.17654
14.55	-0.20524	-0.17949
14.56	-0.20498	-0.18078
14.57	-0.20262	-0.17989
14.58	-0.19872	-0.17695
14.59	-0.19428	-0.17271
14.6	-0.19046	-0.16834
14.61	-0.18823	-0.16502
14.62	-0.18812	-0.16363
14.63	-0.19004	-0.16445
14.64	-0.19331	-0.1671
14.65	-0.19688	-0.17062
14.66	-0.1996	-0.17382
14.67	-0.20056	-0.17557
14.68	-0.19938	-0.1752
14.69	-0.19626	-0.17268
14.7	-0.19198	-0.16865
14.71	-0.18765	-0.16419
14.72	-0.1844	-0.16051
14.73	-0.18302	-0.15861
14.74	-0.1838	-0.15891
14.75	-0.18639	-0.16119
14.76	-0.18991	-0.16461
14.77	-0.19324	-0.16798
14.78	-0.1953	-0.17015
14.79	-0.19537	-0.1703
14.8	-0.19331	-0.16825
14.81	-0.18958	-0.16448
14.82	-0.18514	-0.16
14.83	-0.18113	-0.15603
14.84	-0.17857	-0.15364
14.85	-0.17808	-0.15341
14.86	-0.17966	-0.15527
14.87	-0.18275	-0.15851
14.88	-0.18633	-0.162
14.89	-0.18925	-0.16453
14.9	-0.19053	-0.16519
14.91	-0.1897	-0.16364
14.92	-0.18685	-0.16019
14.93	-0.18268	-0.15577
14.94	-0.17826	-0.15156
14.95	-0.17473	-0.14871
14.96	-0.17298	-0.14795
14.97	-0.17338	-0.14935
14.98	-0.1757	-0.15235
14.99	-0.17912	-0.15589
15	-0.18256	-0.15874
15.01	-0.18488	-0.15989
15.02	-0.18529	-0.15884
15.03	-0.18355	-0.15577
15.04	-0.18002	-0.15147
15.05	-0.1756	-0.14709
15.06	-0.17142	-0.14383
15.07	-0.16854	-0.14254
15.08	-0.16768	-0.14345
15.09	-0.16894	-0.14615
15.1	-0.17183	-0.14966
15.11	-0.17539	-0.15278
15.12	-0.17847	-0.15439
15.13	-0.18005	-0.15387
15.14	-0.17955	-0.15122
15.15	-0.17699	-0.1471
15.16	-0.17296	-0.14262
15.17	-0.16849	-0.139
15.18	-0.16473	-0.13719
15.19	-0.16262	-0.13759
15.2	-0.16265	-0.13993
15.21	-0.16466	-0.14335
15.22	-0.16795	-0.14666
15.23	-0.17145	-0.1487
15.24	-0.17401	-0.1487
15.25	-0.17476	-0.14651
15.26	-0.17337	-0.14265
15.27	-0.17008	-0.13814
15.28	-0.16572	-0.13421
15.29	-0.16139	-0.1319
15.3	-0.15822	-0.13177
15.31	-0.15697	-0.13371
15.32	-0.15787	-0.13697
15.33	-0.16053	-0.14042
15.34	-0.16405	-0.14284
15.35	-0.16728	-0.14336
15.36	-0.16915	-0.14166
15.37	-0.169	-0.1381
15.38	-0.16674	-0.13363
15.39	-0.16287	-0.12945
15.4	-0.15837	-0.12669
15.41	-0.1544	-0.12602
15.42	-0.15197	-0.12752
15.43	-0.15162	-0.13056
15.44	-0.15333	-0.13406
15.45	-0.15647	-0.13682
15.46	-0.16	-0.13783
15.47	-0.16276	-0.13664
15.48	-0.16384	-0.13346
15.49	-0.16278	-0.12909
15.5	-0.15975	-0.12473
15.51	-0.15549	-0.12154
15.52	-0.15107	-0.12035
15.53	-0.14762	-0.12136
15.54	-0.146	-0.12411
15.55	-0.14654	-0.12762
15.56	-0.14894	-0.13065
15.57	-0.15237	-0.13214
15.58	-0.15571	-0.13147
15.59	-0.15787	-0.1287
15.6	-0.15808	-0.12451
15.61	-0.15614	-0.12003
15.62	-0.15247	-0.11647
15.63	-0.14798	-0.11476
15.64	-0.14383	-0.11526
15.65	-0.14107	-0.11768
15.66	-0.14034	-0.12111
15.67	-0.14172	-0.12436
15.68	-0.14468	-0.12628
15.69	-0.14821	-0.12614
15.7	-0.15117	-0.12382
15.71	-0.15257	-0.11987
15.72	-0.15185	-0.11535
15.73	-0.1491	-0.11147
15.74	-0.14495	-0.10926
15.75	-0.14046	-0.10924
15.76	-0.13677	-0.11126
15.77	-0.13481	-0.11455
15.78	-0.13499	-0.11795
15.79	-0.13712	-0.12027
15.8	-0.14044	-0.12065
15.81	-0.14387	-0.11881
15.82	-0.14626	-0.11517
15.83	-0.14681	-0.11067
15.84	-0.14521	-0.10653
15.85	-0.14177	-0.10385
15.86	-0.13734	-0.1033
15.87	-0.13304	-0.10489
15.88	-0.12998	-0.10797
15.89	-0.12887	-0.11146
15.9	-0.12991	-0.11413
15.91	-0.13264	-0.11501
15.92	-0.13615	-0.11368
15.93	-0.13927	-0.11039
15.94	-0.14098	-0.10598
15.95	-0.14063	-0.10165
15.96	-0.13818	-0.09854
15.97	-0.13419	-0.09746
15.98	-0.12966	-0.09858
15.99	-0.12576	-0.10139
16	-0.12345	-0.10489
16.01	-0.12325	-0.10786
16.02	-0.12509	-0.10922
16.03	-0.12828	-0.10842
16.04	-0.13176	-0.10553
16.05	-0.13439	-0.10129
16.06	-0.13528	-0.09682
16.07	-0.13401	-0.09333
16.08	-0.13081	-0.09173
16.09	-0.12646	-0.09235
16.1	-0.12205	-0.09484
16.11	-0.11871	-0.09829
16.12	-0.11726	-0.10148
16.13	-0.11795	-0.1033
16.14	-0.12045	-0.10302
16.15	-0.1239	-0.10058
16.16	-0.12715	-0.09656
16.17	-0.12914	-0.09204
16.18	-0.12914	-0.08822
16.19	-0.12702	-0.08612
16.2	-0.12322	-0.08622
16.21	-0.1187	-0.08833
16.22	-0.11461	-0.09166
16.23	-0.11197	-0.09502
16.24	-0.1114	-0.09725
16.25	-0.11291	-0.0975
16.26	-0.11593	-0.09554
16.27	-0.11944	-0.09181
16.28	-0.12229	-0.08729
16.29	-0.12351	-0.0832
16.3	-0.1226	-0.08063
16.31	-0.11968	-0.0802
16.32	-0.11544	-0.08189
16.33	-0.11096	-0.08503
16.34	-0.10736	-0.0885
16.35	-0.10554	-0.09108
16.36	-0.10588	-0.09185
16.37	-0.10813	-0.09039
16.38	-0.11149	-0.08701
16.39	-0.11486	-0.08257
16.4	-0.11711	-0.07827
16.41	-0.11746	-0.07527
16.42	-0.11566	-0.07431
16.43	-0.11207	-0.07554
16.44	-0.10759	-0.07842
16.45	-0.10335	-0.08193
16.46	-0.10042	-0.08483
16.47	-0.09949	-0.08608
16.48	-0.10068	-0.08515
16.49	-0.1035	-0.08216
16.5	-0.107	-0.07787
16.51	-0.11002	-0.07343
16.52	-0.11156	-0.07003
16.53	-0.11101	-0.06856
16.54	-0.1084	-0.0693
16.55	-0.10432	-0.07187
16.56	-0.09979	-0.07534
16.57	-0.09597	-0.07849
16.58	-0.0938	-0.0802
16.59	-0.09377	-0.0798
16.6	-0.09573	-0.07726
16.61	-0.09897	-0.07318
16.62	-0.10242	-0.06867
16.63	-0.10493	-0.06493
16.64	-0.10564	-0.06295
16.65	-0.10419	-0.06318
16.66	-0.10085	-0.06539
16.67	-0.09643	-0.06875
16.68	-0.09206	-0.07209
16.69	-0.08884	-0.07423
16.7	-0.08755	-0.07436
16.71	-0.08841	-0.07229
16.72	-0.09102	-0.06849
16.73	-0.09449	-0.06397
16.74	-0.09767	-0.05995
16.75	-0.0995	-0.05749
16.76	-0.09931	-0.0572
16.77	-0.09701	-0.059
16.78	-0.0931	-0.0622
16.79	-0.08856	-0.06565
16.8	-0.08456	-0.06817
16.81	-0.08208	-0.06882
16.82	-0.08169	-0.06725
16.83	-0.08335	-0.06379
16.84	-0.08644	-0.05934
16.85	-0.08993	-0.05509
16.86	-0.09266	-0.0522
16.87	-0.09371	-0.05138
16.88	-0.09263	-0.05273
16.89	-0.08957	-0.05569
16.9	-0.08527	-0.0592
16.91	-0.08081	-0.06204
16.92	-0.07733	-0.06319
16.93	-0.07567	-0.06215
16.94	-0.07618	-0.05907
16.95	-0.07854	-0.05476
16.96	-0.08195	-0.05035
16.97	-0.08526	-0.04706
16.98	-0.08739	-0.04572
16.99	-0.08757	-0.04659
17	-0.0856	-0.04926
17.01	-0.0819	-0.05275
17.02	-0.07739	-0.05586
17.03	-0.07321	-0.05748
17.04	-0.07042	-0.05697
17.05	-0.06967	-0.05434
17.06	-0.07103	-0.05022
17.07	-0.07396	-0.04573
17.08	-0.07747	-0.04208
17.09	-0.08041	-0.04024
17.1	-0.08178	-0.04061
17.11	-0.08105	-0.04293
17.12	-0.07827	-0.04634
17.13	-0.07411	-0.04965
17.14	-0.06961	-0.05171
17.15	-0.0659	-0.05174
17.16	-0.06392	-0.04957
17.17	-0.06407	-0.04572
17.18	-0.06617	-0.04121
17.19	-0.06947	-0.03727
17.2	-0.07288	-0.03495
17.21	-0.07528	-0.0348
17.22	-0.07582	-0.03672
17.23	-0.07421	-0.03998
17.24	-0.07076	-0.04344
17.25	-0.06631	-0.04589
17.26	-0.062	-0.04644
17.27	-0.05892	-0.04477
17.28	-0.05781	-0.04125
17.29	-0.05883	-0.03679
17.3	-0.06156	-0.03262
17.31	-0.06506	-0.02984
17.32	-0.06818	-0.02917
17.33	-0.06988	-0.03066
17.34	-0.06952	-0.0337
17.35	-0.06706	-0.03723
17.36	-0.06307	-0.04003
17.37	-0.05854	-0.04108
17.38	-0.05463	-0.03994
17.39	-0.05232	-0.0368
17.4	-0.05213	-0.03246
17.41	-0.05396	-0.02812
17.42	-0.05714	-0.02494
17.43	-0.06063	-0.02375
17.44	-0.06326	-0.02477
17.45	-0.06414	-0.02753
17.46	-0.06288	-0.03107
17.47	-0.0597	-0.03415
17.48	-0.05535	-0.03569
17.49	-0.05095	-0.03508
17.5	-0.04762	-0.03236
17.51	-0.04616	-0.02822
17.52	-0.04684	-0.02377
17.53	-0.04935	-0.02023
17.54	-0.0528	-0.01854
17.55	-0.05607	-0.01906
17.56	-0.05807	-0.02149
17.57	-0.05809	-0.02496
17.58	-0.05598	-0.02827
17.59	-0.0522	-0.03026
17.6	-0.04769	-0.03018
17.61	-0.0436	-0.02793
17.62	-0.04098	-0.02405
17.63	-0.04042	-0.01957
17.64	-0.04195	-0.01573
17.65	-0.04498	-0.01355
17.66	-0.04851	-0.01355
17.67	-0.05138	-0.01561
17.68	-0.05261	-0.01895
17.69	-0.05172	-0.02241
17.7	-0.04882	-0.02481
17.71	-0.0446	-0.02527
17.72	-0.04014	-0.02351
17.73	-0.03657	-0.01994
17.74	-0.03477	-0.01551
17.75	-0.03513	-0.01142
17.76	-0.0374	-0.00878
17.77	-0.04079	-0.00827
17.78	-0.04417	-0.0099
17.79	-0.04645	-0.01304
17.8	-0.04684	-0.0166
17.81	-0.04507	-0.01935
17.82	-0.04152	-0.02033
17.83	-0.03707	-0.0191
17.84	-0.03286	-0.0159
17.85	-0.02994	-0.01157
17.86	-0.02903	-0.0073
17.87	-0.03025	-0.00426
17.88	-0.0331	-0.00323
17.89	-0.03664	-0.0044
17.9	-0.0397	-0.00728
17.91	-0.04128	-0.01086
17.92	-0.04078	-0.01392
17.93	-0.0382	-0.01539
17.94	-0.03415	-0.01469
17.95	-0.02966	-0.01191
17.96	-0.02587	-0.00776
17.97	-0.02375	-0.00338
17.98	-0.02376	3.49665E-5
17.99	-0.02576	0.00157
18	-0.02904	8.83871E-4
18.01	-0.03253	-0.00168
18.02	-0.03509	-0.00522
18.03	-0.03584	-0.00852
18.04	-0.03443	-0.01045
18.05	-0.03114	-0.0103
18.06	-0.02677	-0.00798
18.07	-0.02245	-0.00407
18.08	-0.01928	3.57699E-4
18.09	-0.01804	0.00409
18.1	-0.01894	0.00611
18.11	-0.0216	0.00593
18.12	-0.02512	0.00373
18.13	-0.02835	3.04703E-4
18.14	-0.03024	-0.00318
18.15	-0.03011	-0.00553
18.16	-0.02786	-0.00591
18.17	-0.02402	-0.00409
18.18	-0.01954	-4.88397E-4
18.19	-0.01558	0.00391
18.2	-0.01315	0.0079
18.21	-0.01281	0.01038
18.22	-0.01452	0.01071
18.23	-0.01768	0.00892
18.24	-0.02123	0.00568
18.25	-0.02403	0.00208
18.26	-0.02515	-6.41547E-4
18.27	-0.02413	-0.00155
18.28	-0.02113	-2.47839E-4
18.29	-0.01689	0.00299
18.3	-0.0125	0.0073
18.31	-0.00908	0.01147
18.32	-0.0075	0.01437
18.33	-0.00807	0.01522
18.34	-0.01051	0.01388
18.35	-0.01398	0.01088
18.36	-0.01737	0.00724
18.37	-0.01956	0.00419
18.38	-0.01981	0.00278
18.39	-0.01791	0.00354
18.4	-0.01429	0.00637
18.41	-0.00985	0.01051
18.42	-0.00575	0.01481
18.43	-0.00304	0.01809
18.44	-0.00237	0.01944
18.45	-0.0038	0.01858
18.46	-0.0068	0.01587
18.47	-0.01039	0.01226
18.48	-0.0134	0.00895
18.49	-0.01486	0.00706
18.5	-0.01422	0.00729
18.51	-0.01154	0.00966
18.52	-0.00747	0.01356
18.53	-0.00305	0.01792
18.54	5.80646E-4	0.02152
18.55	0.00249	0.02336
18.56	0.00226	0.023
18.57	7.30975E-5	0.02064
18.58	-0.00332	0.01712
18.59	-0.00683	0.01362
18.6	-0.00931	0.01129
18.61	-0.00995	0.01097
18.62	-0.00843	0.01285
18.63	-0.00507	0.01646
18.64	-7.17444E-4	0.02081
18.65	0.0035	0.02467
18.66	0.00648	0.02698
18.67	0.0075	0.02712
18.68	0.00638	0.02516
18.69	0.00355	0.0218
18.7	-5.04818E-5	0.01816
18.71	-0.00327	0.01545
18.72	-0.00506	0.01459
18.73	-0.00481	0.01595
18.74	-0.00245	0.01921
18.75	0.00143	0.02347
18.76	0.00586	0.02754
18.77	0.00966	0.03027
18.78	0.01186	0.03093
18.79	0.01196	0.0294
18.8	0.01002	0.02627
18.81	0.00673	0.02256
18.82	0.00315	0.01951
18.83	3.9841E-4	0.01814
18.84	-6.07617E-4	0.01896
18.85	5.2919E-4	0.02182
18.86	0.0036	0.02593
18.87	0.00782	0.03013
18.88	0.01211	0.03324
18.89	0.01534	0.0344
18.9	0.0167	0.03335
18.91	0.01589	0.03049
18.92	0.01327	0.02679
18.93	0.0097	0.02346
18.94	0.00631	0.0216
18.95	0.00418	0.02188
18.96	0.00403	0.02428
18.97	0.00602	0.02817
18.98	0.00969	0.03244
18.99	0.01407	0.03589
19	0.01803	0.03754
19.01	0.02053	0.03697
19.02	0.02096	0.03445
19.03	0.0193	0.03082
19.04	0.01613	0.02727
19.05	0.01248	0.02497
19.06	0.00948	0.02469
19.07	0.00812	0.02661
19.08	0.00887	0.03021
19.09	0.01164	0.03448
19.1	0.01572	0.0382
19.11	0.02004	0.04032
19.12	0.02348	0.04025
19.13	0.02514	0.03811
19.14	0.02464	0.03462
19.15	0.02225	0.03092
19.16	0.01873	0.02821
19.17	0.0152	0.02739
19.18	0.01277	0.02879
19.19	0.01223	0.03205
19.2	0.01384	0.03625
19.21	0.01724	0.04019
19.22	0.02155	0.04273
19.23	0.02562	0.04318
19.24	0.02839	0.04146
19.25	0.02916	0.03817
19.26	0.0278	0.03439
19.27	0.02479	0.03132
19.28	0.0211	0.02998
19.29	0.01788	0.03084
19.3	0.01615	0.0337
19.31	0.0165	0.03776
19.32	0.01892	0.04185
19.33	0.02282	0.04478
19.34	0.02715	0.04573
19.35	0.03078	0.04447
19.36	0.03274	0.04144
19.37	0.03257	0.03764
19.38	0.03041	0.03427
19.39	0.02696	0.03244
19.4	0.02331	0.03274
19.41	0.02059	0.03516
19.42	0.01968	0.03901
19.43	0.02092	0.04318
19.44	0.02404	0.04645
19.45	0.02823	0.04789
19.46	0.03238	0.04711
19.47	0.03539	0.0444
19.48	0.03647	0.04065
19.49	0.0354	0.03705
19.5	0.03258	0.03475
19.51	0.02889	0.0345
19.52	0.02548	0.03644
19.53	0.0234	0.04001
19.54	0.02335	0.04419
19.55	0.02541	0.04775
19.56	0.02907	0.04965
19.57	0.03337	0.04937
19.58	0.03715	0.04703
19.59	0.03941	0.04339
19.6	0.03957	0.03962
19.61	0.03767	0.0369
19.62	0.03433	0.0361
19.63	0.03059	0.03752
19.64	0.0276	0.04076
19.65	0.0263	0.04488
19.66	0.02713	0.04867
19.67	0.02994	0.051
19.68	0.03399	0.05122
19.69	0.03819	0.04929
19.7	0.04141	0.04584
19.71	0.0428	0.04196
19.72	0.04203	0.03887
19.73	0.0394	0.03754
19.74	0.03573	0.03842
19.75	0.03215	0.04127
19.76	0.02976	0.04526
19.77	0.02931	0.04921
19.78	0.031	0.05194
19.79	0.03442	0.05265
19.8	0.03865	0.05117
19.81	0.04254	0.04796
19.82	0.04505	0.04404
19.83	0.04553	0.04063
19.84	0.0439	0.0388
19.85	0.0407	0.03912
19.86	0.03691	0.04154
19.87	0.03367	0.04533
19.88	0.03199	0.04937
19.89	0.03241	0.05245
19.9	0.03487	0.05365
19.91	0.03873	0.05264
19.92	0.04295	0.04973
19.93	0.04636	0.04584
19.94	0.04806	0.04218
19.95	0.04761	0.03986
19.96	0.0452	0.03963
19.97	0.04158	0.04156
19.98	0.03786	0.04509
19.99	0.03515	0.04915
20	0.03429	0.05253
20.01	0.03559	0.0542
20.02	0.03872	0.05367
20.03	0.04285	0.05112
20.04	0.04684	0.04733
20.05	0.04959	0.04347
20.06	0.05038	0.04072
20.07	0.04902	0.03993
20.08	0.04596	0.04135
20.09	0.04213	0.04455
20.1	0.03868	0.04857
20.11	0.03665	0.05218
20.12	0.03667	0.05429
20.13	0.03878	0.05426
20.14	0.04242	0.0521
20.15	0.0466	0.04847
20.16	0.05017	0.04448
20.17	0.05214	0.04134
20.18	0.052	0.04001
20.19	0.04983	0.04089
20.2	0.0463	0.04371
20.21	0.04247	0.04761
20.22	0.03946	0.05139
20.23	0.0382	0.0539
20.24	0.03908	0.05437
20.25	0.0419	0.05264
20.26	0.04588	0.04924
20.27	0.04992	0.04519
20.28	0.0529	0.04172
20.29	0.054	0.03987
20.3	0.05294	0.04019
20.31	0.05006	0.04258
20.32	0.04623	0.04629
20.33	0.04258	0.05018
20.34	0.04019	0.05304
20.35	0.03979	0.054
20.36	0.04152	0.05273
20.37	0.04492	0.04961
20.38	0.04904	0.04557
20.39	0.05273	0.04182
20.4	0.05496	0.03948
20.41	0.05512	0.03924
20.42	0.0532	0.04115
20.43	0.04976	0.04461
20.44	0.04584	0.04853
20.45	0.04258	0.0517
20.46	0.04093	0.05312
20.47	0.04141	0.05234
20.48	0.04389	0.04955
20.49	0.04769	0.04559
20.5	0.05173	0.04163
20.51	0.0549	0.03883
20.52	0.05629	0.03803
20.53	0.05553	0.03943
20.54	0.05285	0.04257
20.55	0.04905	0.04646
20.56	0.04523	0.04987
20.57	0.04251	0.05174
20.58	0.04168	0.05144
20.59	0.043	0.04904
20.6	0.04611	0.04522
20.61	0.05013	0.0411
20.62	0.05392	0.03791
20.63	0.0564	0.03655
20.64	0.05687	0.03741
20.65	0.05521	0.04018
20.66	0.05191	0.04396
20.67	0.04792	0.04756
20.68	0.04441	0.04982
20.69	0.04238	0.05002
20.7	0.04243	0.04804
20.71	0.04456	0.04442
20.72	0.04815	0.04023
20.73	0.05218	0.03668
20.74	0.0555	0.03479
20.75	0.05715	0.03509
20.76	0.05668	0.03743
20.77	0.05421	0.04104
20.78	0.05046	0.04475
20.79	0.0465	0.04738
20.8	0.04347	0.04806
20.81	0.04224	0.04653
20.82	0.04316	0.04318
20.83	0.04595	0.03897
20.84	0.04983	0.03512
20.85	0.05366	0.03274
20.86	0.05636	0.03247
20.87	0.05713	0.03434
20.88	0.05575	0.0377
20.89	0.0526	0.04146
20.9	0.04859	0.0444
20.91	0.04485	0.04555
20.92	0.04245	0.04448
20.93	0.04206	0.04145
20.94	0.04379	0.0373
20.95	0.04713	0.03322
20.96	0.0511	0.03036
20.97	0.05456	0.02953
20.98	0.05648	0.03089
20.99	0.05631	0.03394
21	0.05407	0.03768
21.01	0.05039	0.04087
21.02	0.04632	0.04247
21.03	0.04299	0.04189
21.04	0.04135	0.03922
21.05	0.04184	0.03519
21.06	0.04431	0.03094
21.07	0.04801	0.02766
21.08	0.05187	0.02627
21.09	0.05475	0.02709
21.1	0.05579	0.02977
21.11	0.05468	0.03341
21.12	0.0517	0.0368
21.13	0.04769	0.0388
21.14	0.04376	0.03871
21.15	0.04101	0.03645
21.16	0.0402	0.03261
21.17	0.04152	0.02825
21.18	0.04458	0.0246
21.19	0.04845	0.02266
21.2	0.05199	0.02292
21.21	0.05415	0.02519
21.22	0.05428	0.02867
21.23	0.05229	0.03218
21.24	0.04873	0.03455
21.25	0.04456	0.03494
21.26	0.04096	0.03311
21.27	0.03891	0.02952
21.28	0.03896	0.02513
21.29	0.04105	0.02116
21.3	0.04455	0.01871
21.31	0.04839	0.0184
21.32	0.05143	0.0202
21.33	0.05275	0.02344
21.34	0.05193	0.02701
21.35	0.04914	0.0297
21.36	0.04514	0.03056
21.37	0.04104	0.02919
21.38	0.03795	0.0259
21.39	0.03671	0.02154
21.4	0.03763	0.01732
21.41	0.04038	0.01439
21.42	0.04412	0.0135
21.43	0.04771	0.01479
21.44	0.05008	0.01774
21.45	0.05048	0.0213
21.46	0.04874	0.02425
21.47	0.0453	0.02555
21.48	0.04108	0.02466
21.49	0.03724	0.02171
21.5	0.0348	0.01746
21.51	0.03441	0.01304
21.52	0.03611	0.00967
21.53	0.03935	0.00822
21.54	0.04314	0.00897
21.55	0.04631	0.01156
21.56	0.04788	0.01503
21.57	0.04735	0.01818
21.58	0.04478	0.0199
21.59	0.04084	0.01949
21.6	0.03659	0.01693
21.61	0.03317	0.01285
21.62	0.0315	0.00831
21.63	0.03197	0.00454
21.64	0.03438	0.00254
21.65	0.03795	0.00273
21.66	0.04157	0.0049
21.67	0.04413	0.00823
21.68	0.04481	0.01151
21.69	0.04333	0.0136
21.7	0.04003	0.01367
21.71	0.03578	0.01154
21.72	0.03171	0.00768
21.73	0.0289	0.00308
21.74	0.02807	-0.00102
21.75	0.02937	-0.00355
21.76	0.03234	-0.00393
21.77	0.03603	-0.00222
21.78	0.03929	8.74948E-4
21.79	0.04109	0.00423
21.8	0.04082	0.00664
21.81	0.03847	0.00718
21.82	0.03461	0.0055
21.83	0.03025	0.00192
21.84	0.02654	-0.00266
21.85	0.02445	-0.00704
21.86	0.02447	-0.01007
21.87	0.0265	-0.01103
21.88	0.02986	-0.00983
21.89	0.03347	-0.00702
21.9	0.03619	-0.00366
21.91	0.03714	-9.81957E-4
21.92	0.03593	1.87572E-6
21.93	0.03281	-0.00121
21.94	0.02855	-0.00446
21.95	0.02427	-0.00896
21.96	0.0211	-0.01355
21.97	0.01981	-0.01704
21.98	0.02068	-0.01858
21.99	0.02334	-0.01791
22	0.0269	-0.01545
22.01	0.03022	-0.01217
22.02	0.03224	-0.00928
22.03	0.03225	-0.00788
22.04	0.03012	-0.00862
22.05	0.02635	-0.01149
22.06	0.0219	-0.01585
22.07	0.01792	-0.02058
22.08	0.01542	-0.02448
22.09	0.015	-0.02658
22.1	0.01665	-0.02647
22.11	0.01976	-0.02442
22.12	0.02331	-0.02128
22.13	0.02616	-0.01824
22.14	0.02734	-0.01647
22.15	0.02639	-0.01673
22.16	0.02346	-0.0192
22.17	0.01923	-0.02335
22.18	0.01479	-0.02816
22.19	0.01127	-0.03241
22.2	0.00954	-0.03505
22.21	0.00995	-0.03553
22.22	0.01226	-0.03393
22.23	0.01564	-0.03101
22.24	0.01899	-0.02789
22.25	0.0212	-0.02578
22.26	0.02148	-0.02559
22.27	0.01961	-0.02761
22.28	0.01597	-0.0315
22.29	0.01145	-0.03632
22.3	0.00721	-0.04087
22.31	0.00431	-0.04402
22.32	0.00342	-0.04508
22.33	0.00465	-0.04399
22.34	0.00748	-0.04134
22.35	0.01095	-0.03821
22.36	0.0139	-0.03583
22.37	0.01531	-0.03519
22.38	0.01462	-0.03675
22.39	0.01188	-0.04033
22.4	0.00769	-0.04509
22.41	0.0031	-0.04987
22.42	-7.43624E-4	-0.0535
22.43	-0.0029	-0.05514
22.44	-0.00293	-0.05458
22.45	-9.87208E-4	-0.05228
22.46	0.00219	-0.04922
22.47	0.00552	-0.04661
22.48	0.00788	-0.04556
22.49	0.0084	-0.04665
22.5	0.00678	-0.04987
22.51	0.00328	-0.05451
22.52	-0.00126	-0.05946
22.53	-0.00573	-0.06351
22.54	-0.00902	-0.06573
22.55	-0.01037	-0.06573
22.56	-0.00959	-0.06383
22.57	-0.00707	-0.0609
22.58	-0.00374	-0.05814
22.59	-7.29159E-4	-0.0567
22.6	8.97431E-4	-0.05733
22.61	4.82896E-4	-0.06014
22.62	-0.00205	-0.0646
22.63	-0.00616	-0.06965
22.64	-0.01087	-0.07408
22.65	-0.01502	-0.07685
22.66	-0.01762	-0.07744
22.67	-0.01812	-0.07598
22.68	-0.01658	-0.07326
22.69	-0.01364	-0.07041
22.7	-0.01035	-0.06863
22.71	-0.00787	-0.0688
22.72	-0.0071	-0.07119
22.73	-0.00849	-0.0754
22.74	-0.01184	-0.08049
22.75	-0.01639	-0.08523
22.76	-0.02106	-0.08853
22.77	-0.02471	-0.08971
22.78	-0.02652	-0.08875
22.79	-0.02617	-0.08629
22.8	-0.024	-0.08342
22.81	-0.02084	-0.08137
22.82	-0.01781	-0.08109
22.83	-0.01601	-0.08303
22.84	-0.01617	-0.08695
22.85	-0.01848	-0.092
22.86	-0.02249	-0.097
22.87	-0.02729	-0.10078
22.88	-0.03172	-0.10255
22.89	-0.03475	-0.10213
22.9	-0.03573	-0.1
22.91	-0.03461	-0.09719
22.92	-0.03196	-0.0949
22.93	-0.02876	-0.09421
22.94	-0.02618	-0.09569
22.95	-0.02519	-0.09926
22.96	-0.02632	-0.10421
22.97	-0.02948	-0.1094
22.98	-0.03402	-0.11363
22.99	-0.03887	-0.11598